place(0.286, -6.368, 14.296, "Scout", 250)
place(1.166, -6.368, 17.342, "Scout", 250)
place(4.602, -6.368, 11.335, "Scout", 250)
place(5.411, -6.368, 14.332, "Scout", 250)
place(-2.511, -6.368, 15.837, "Scout", 250)
place(-1.681, -6.368, 18.779, "Scout", 250)
place(1.394, -6.368, 20.426, "Scout", 250)
place(-1.397, -6.368, 21.825, "Scout", 250)
place(-5.483, -6.368, 16.885, "Scout", 250)
place(-4.595, -6.368, 19.949, "Scout", 250)
place(-4.188, -6.368, 23.088, "Scout", 250)
place(6.102, -6.368, 17.358, "Scout", 250)
place(7.380, -6.368, 9.873, "Scout", 250)
place(8.355, -6.368, 13.235, "Scout", 250)
place(9.051, -6.368, 16.419, "Scout", 250)
place(8.475, -6.368, 19.397, "Scout", 250)
upgrade(0.286, -5.018, 14.296, 150)
upgrade(1.166, -5.018, 17.342, 150)
upgrade(1.394, -5.018, 20.426, 150)
upgrade(4.602, -5.018, 11.335, 150)
upgrade(5.411, -5.018, 14.332, 150)
upgrade(6.102, -5.018, 17.358, 150)
upgrade(-2.511, -5.018, 15.837, 150)
upgrade(7.380, -5.018, 9.873, 150)
upgrade(8.355, -5.018, 13.235, 150)
upgrade(9.051, -5.018, 16.419, 150)
upgrade(8.475, -5.018, 19.397, 150)
upgrade(-1.681, -5.018, 18.779, 150)
upgrade(-1.397, -5.018, 21.825, 150)
upgrade(-5.483, -5.018, 16.885, 150)
upgrade(-4.595, -5.018, 19.949, 150)
upgrade(-4.188, -5.018, 23.088, 150)
upgrade(0.286, -5.018, 14.296, 600)
upgrade(1.166, -5.018, 17.342, 600)
upgrade(1.394, -5.018, 20.426, 600)
upgrade(-2.511, -5.018, 15.837, 600)
upgrade(-1.681, -5.018, 18.779, 600)
upgrade(-1.397, -5.018, 21.825, 600)
upgrade(-5.483, -5.018, 16.885, 600)
upgrade(-4.595, -5.018, 19.949, 600)
upgrade(-4.188, -5.018, 23.088, 600)
upgrade(4.602, -5.018, 11.335, 600)
upgrade(5.411, -5.018, 14.332, 600)
upgrade(7.380, -5.018, 9.873, 600)
upgrade(8.355, -5.018, 13.235, 600)
upgrade(9.051, -5.018, 16.419, 600)
upgrade(6.102, -5.018, 17.358, 600)
upgrade(8.475, -5.018, 19.397, 600)
place(-8.518, -6.368, 16.822, "Hacker", 900)
upgrade(-8.518, -5.017, 16.822, 125)
upgrade(-8.518, -5.017, 16.822, 1337)
place(-2.298, -6.368, -1.024, "Hacker", 900)
upgrade(-2.298, -5.017, -1.024, 125)
upgrade(-2.298, -5.017, -1.024, 1337)
upgrade(0.286, -5.018, 14.296, 2250)
upgrade(-2.511, -5.018, 15.837, 2250)
upgrade(-5.483, -5.018, 16.885, 2250)
upgrade(4.602, -5.018, 11.335, 2250)
upgrade(7.380, -5.018, 9.873, 2250)
upgrade(8.355, -5.018, 13.235, 2250)
upgrade(5.411, -5.018, 14.332, 2250)
upgrade(1.166, -5.018, 17.342, 2250)
upgrade(-1.681, -5.018, 18.779, 2250)
upgrade(-4.595, -5.018, 19.949, 2250)
upgrade(9.051, -5.018, 16.419, 2250)
upgrade(6.102, -5.018, 17.358, 2250)
upgrade(8.475, -5.018, 19.397, 2250)
upgrade(1.394, -5.018, 20.426, 2250)
upgrade(-1.397, -5.018, 21.825, 2250)
upgrade(-4.188, -5.018, 23.088, 2250)
place(9.709, -6.368, -3.853, "Mercenary Base", 2750)
upgrade(9.709, -6.388, -3.853, 1350)
upgrade(9.709, -6.388, -3.853, 2750)
upgrade(9.709, -6.388, -3.853, 9650)
place(-0.552, -6.368, -13.295, "Mercenary Base", 2750)
upgrade(-0.552, -6.388, -13.295, 1350)
upgrade(-0.552, -6.388, -13.295, 2750)
upgrade(-0.552, -6.388, -13.295, 9650)
place(-5.099, -6.368, -13.142, "Mercenary Base", 2750)
upgrade(-5.099, -6.388, -13.142, 1350)
upgrade(-5.099, -6.388, -13.142, 2750)
upgrade(-5.099, -6.388, -13.142, 9650)
upgrade(0.286, -5.018, 14.296, 3400)
upgrade(-2.511, -5.018, 15.837, 3400)
upgrade(-5.483, -5.018, 16.885, 3400)
upgrade(-4.595, -5.018, 19.949, 3400)
upgrade(-1.681, -5.018, 18.779, 3400)
upgrade(1.166, -5.018, 17.342, 3400)
upgrade(4.602, -5.018, 11.335, 3400)
upgrade(7.380, -5.018, 9.873, 3400)
upgrade(5.411, -5.018, 14.332, 3400)
upgrade(8.355, -5.018, 13.235, 3400)
upgrade(9.051, -5.018, 16.419, 3400)
upgrade(6.102, -5.018, 17.358, 3400)
upgrade(-4.188, -5.018, 23.088, 3400)
upgrade(-1.397, -5.018, 21.825, 3400)
upgrade(1.394, -5.018, 20.426, 3400)
upgrade(8.475, -5.018, 19.397, 3400)
upgrade(9.709, -6.388, -3.853, 10000)
SetMercenaryUnit(9.709, -6.388, -3.853, "Unit 1", "Riot Guard", 1953)
SetMercenaryUnit(9.709, -6.388, -3.853, "Unit 2", "Riot Guard", 1953)
SetMercenaryUnit(9.709, -6.388, -3.853, "Unit 3", "Riot Guard", 4341)
upgrade(9.709, -6.388, -3.853, 12500)
upgrade(9.709, -6.388, -3.853, 45000)
upgrade(-0.552, -6.388, -13.295, 10000)
upgrade(-0.552, -6.388, -13.295, 12500)
AirDrop(9.709, -6.388, -3.853, 10.293, -6.165, 3.294, 1, 79.331, 30348)
upgrade(-0.552, -6.388, -13.295, 45000)
upgrade(-5.099, -6.388, -13.142, 10000)
upgrade(-5.099, -6.388, -13.142, 12500)
SetMercenaryUnit(-5.099, -6.388, -13.142, "Unit 1", "Field Medic", 3510)
upgrade(-5.099, -6.388, -13.142, 45000)
place(8.091, -6.368, -0.402, "Engineer", 600)
upgrade(8.091, -5.018, -0.402, 350)
upgrade(8.091, -5.018, -0.402, 1000)
upgrade(8.091, -5.018, -0.402, 2077)
upgrade(8.091, -5.018, -0.402, 7500)
upgrade(8.091, -5.018, -0.402, 12500)
upgrade(8.091, -5.018, -0.402, 32500)
place(5.928, -6.368, -2.976, "Engineer", 600)
upgrade(5.928, -5.018, -2.976, 350)
upgrade(5.928, -5.018, -2.976, 1000)
upgrade(5.928, -5.018, -2.976, 2077)
upgrade(5.928, -5.018, -2.976, 7500)
upgrade(5.928, -5.018, -2.976, 12500)
upgrade(5.928, -5.018, -2.976, 32500)
place(4.976, -6.368, 0.069, "Engineer", 600)
upgrade(4.976, -5.018, 0.069, 350)
upgrade(4.976, -5.018, 0.069, 1000)
upgrade(4.976, -5.018, 0.069, 2077)
upgrade(4.976, -5.018, 0.069, 7500)
upgrade(4.976, -5.018, 0.069, 12500)
upgrade(4.976, -5.018, 0.069, 32500)
place(6.910, -6.368, 2.566, "Engineer", 600)
upgrade(6.910, -5.018, 2.566, 350)
upgrade(6.910, -5.018, 2.566, 1000)
upgrade(6.910, -5.018, 2.566, 2077)
upgrade(6.910, -5.018, 2.566, 7500)
upgrade(6.910, -5.018, 2.566, 12500)
upgrade(6.910, -5.018, 2.566, 32500)
upgrade(6.910, -5.018, 2.566, 36890)
place(2.848, -6.368, -2.772, "Engineer", 600)
upgrade(2.848, -5.018, -2.772, 350)
upgrade(2.848, -5.018, -2.772, 1000)
upgrade(2.848, -5.018, -2.772, 2077)
upgrade(2.848, -5.018, -2.772, 7500)
upgrade(2.848, -5.018, -2.772, 12500)
AirDrop(9.709, -6.388, -3.853, 13.981, -6.165, 1.498, 1, 84.141, 31447)
AirDrop(-0.552, -6.388, -13.295, 15.988, -6.165, 1.253, 1, 85.856, 28947)
AirDrop(-5.099, -6.388, -13.142, 15.787, -6.165, 1.234, 1, 85.856, 35072)
upgrade(2.848, -5.018, -2.772, 32500)
place(1.856, -6.368, 0.275, "Engineer", 600)
upgrade(1.856, -5.018, 0.275, 350)
upgrade(1.856, -5.018, 0.275, 1000)
upgrade(1.856, -5.018, 0.275, 2077)
upgrade(1.856, -5.018, 0.275, 7500)
upgrade(1.856, -5.018, 0.275, 12500)
upgrade(1.856, -5.018, 0.275, 32500)
place(3.321, -6.368, 2.953, "Engineer", 600)
place(13.888, -6.368, -0.849, "Necromancer", 4200)
upgrade(13.888, -5.018, -0.849, 3950)
upgrade(13.888, -5.018, -0.849, 11320)
upgrade(13.888, -5.018, -0.849, 26650)
upgrade(13.888, -5.018, -0.849, 65000)
place(14.113, -6.368, -3.909, "Necromancer", 4200)
upgrade(14.113, -5.018, -3.909, 3950)
upgrade(14.113, -5.018, -3.909, 11320)
upgrade(14.113, -5.018, -3.909, 26650)
upgrade(14.113, -5.018, -3.909, 65000)
place(16.628, -6.368, -2.251, "Necromancer", 4200)
place(19.280, -6.368, -0.581, "Necromancer", 4200)
upgrade(16.628, -5.018, -2.251, 3950)
upgrade(16.628, -5.018, -2.251, 11320)
upgrade(16.628, -5.018, -2.251, 26650)
upgrade(16.628, -5.018, -2.251, 65000)
upgrade(-2.298, -5.017, -1.024, 6500)
upgrade(-2.298, -5.017, -1.024, 24000)
upgrade(-2.298, -5.017, -1.024, 60001)
upgrade(-8.518, -5.017, 16.822, 6500)
upgrade(-8.518, -5.017, 16.822, 24000)
upgrade(-8.518, -5.017, 16.822, 60001)
SetMercenaryUnit(-0.552, -6.388, -13.295, "Unit 1", "Riot Guard", 420173)
SetMercenaryUnit(-0.552, -6.388, -13.295, "Unit 2", "Riot Guard", 422203)
SetMercenaryUnit(-0.552, -6.388, -13.295, "Unit 3", "Riot Guard", 422203)
SetMercenaryUnit(-5.099, -6.388, -13.142, "Unit 1", "Riot Guard", 429703)
SetMercenaryUnit(-5.099, -6.388, -13.142, "Unit 2", "Riot Guard", 429703)
SetMercenaryUnit(-5.099, -6.388, -13.142, "Unit 3", "Riot Guard", 429703)
AirDrop(-0.552, -6.388, -13.295, 11.817, -6.165, -12.666, 1, 139.604, 398072)
AirDrop(9.709, -6.388, -3.853, 11.525, -6.165, -14.788, 1, 141.883, 395572)
AirDrop(-5.099, -6.388, -13.142, 11.766, -6.165, -13.170, 1, 139.604, 402447)
AirDrop(8.894, -6.388, -26.346, 12.015, -6.165, -9.416, 1, 136.945, 443697)
AirDrop(-4.831, -6.388, -30.361, 11.917, -6.165, -11.449, 1, 138.303, 444322)
SetMercenaryUnit(-4.831, -6.388, -30.361, "Unit 1", "Riot Guard", 664947)
SetMercenaryUnit(-4.831, -6.388, -30.361, "Unit 3", "Riot Guard", 664947)
SetMercenaryUnit(-4.831, -6.388, -30.361, "Unit 2", "Riot Guard", 680572)
SetMercenaryUnit(8.894, -6.388, -26.346, "Unit 1", "Riot Guard", 680572)
SetMercenaryUnit(8.894, -6.388, -26.346, "Unit 2", "Riot Guard", 680572)
SetMercenaryUnit(8.894, -6.388, -26.346, "Unit 3", "Riot Guard", 696197)
AirDrop(-0.552, -6.388, -13.295, 5.530, -6.165, -22.922, 1, 152.403, 711190)
AirDrop(9.709, -6.388, -3.853, 5.236, -6.165, -23.117, 1, 152.403, 709322)
AirDrop(-5.099, -6.388, -13.142, 5.286, -6.165, -23.084, 1, 152.403, 722435)
AirDrop(8.894, -6.388, -26.346, 11.588, -6.165, -14.429, 1, 140.801, 719947)
AirDrop(-4.831, -6.388, -30.361, 11.815, -6.165, -12.686, 1, 139.604, 717447)
SetMercenaryUnit(-11.904, -6.388, -19.419, "Unit 1", "Riot Guard", 713947)
SetMercenaryUnit(-11.904, -6.388, -19.419, "Unit 2", "Riot Guard", 713947)
SetMercenaryUnit(-11.904, -6.388, -19.419, "Unit 3", "Riot Guard", 726447)
SetMercenaryUnit(-11.946, -6.388, -24.581, "Unit 1", "Riot Guard", 738947)
SetMercenaryUnit(-11.946, -6.388, -24.581, "Unit 2", "Riot Guard", 738947)
SetMercenaryUnit(-11.946, -6.388, -24.581, "Unit 3", "Riot Guard", 738947)
AirDrop(-11.904, -6.388, -19.419, 11.747, -6.165, -13.353, 1, 140.801, 754572)
AirDrop(9.709, -6.388, -3.853, 11.075, -6.165, -16.810, 1, 142.881, 767402)
AirDrop(-0.552, -6.388, -13.295, 11.427, -6.165, -15.294, 1, 141.883, 763262)
AirDrop(-5.099, -6.388, -13.142, 11.199, -6.165, -16.336, 1, 141.883, 778218)
AirDrop(-5.099, -6.388, -13.142, 11.612, -6.165, -14.267, 1, 140.801, 793947)
AirDrop(-5.099, -6.388, -13.142, 11.536, -6.165, -14.735, 1, 141.883, 806444)
AirDrop(-5.099, -6.388, -13.142, 11.128, -6.165, -16.637, 1, 142.881, 834572)
AirDrop(-11.946, -6.388, -24.581, 11.251, -6.165, -16.114, 1, 142.881, 834572)
AirDrop(-5.099, -6.388, -13.142, 10.920, -6.165, -17.301, 1, 143.825, 846908)
AirDrop(-5.099, -6.388, -13.142, 11.675, -6.165, -13.856, 1, 140.801, 847697)
AirDrop(-5.099, -6.388, -13.142, -1.007, -6.165, -26.328, 1, 159.304, 847697)
AirDrop(8.894, -6.388, -26.346, -1.360, -6.165, -26.433, 1, 159.304, 845197)
